dripEnUnitTestCasedripdwsopt = 105.64728305623655;
