dripTestCasedripX = -2.2084354112154223;
dripTestCasedripY = -1.335123241399482;
