dripTestCasedripY = 1.0533299169351737;
dripTestCasedripX = 0.19576554744588748;
