dripTestCasedripdwsopt = 48.810838099210486;
