dripTestCasedripdwsopt = 98.30398742072057;
