dripTestCasesdripPparam = 0.4446390777507102;
